
--- Quantum Protein Folding Summary ---

Protein Sequence: APRLRFY
Fixed Bits:       0100q1
Variable Bits:    qqqqqq

MJ Interaction Energy Matrix:
[[-5.53390395 -4.72771721 -1.94388946 -0.51822183 -1.94388946 -1.38003988
  -4.01036345]
 [-4.72771721 -4.60951269 -1.83195677 -3.62222835 -1.83195677 -1.78731284
  -5.77791223]
 [-1.94388946 -1.83195677 -1.99039556 -5.08349252 -1.99039556 -3.21680516
  -2.67579237]
 [-0.51822183 -3.62222835 -5.08349252 -2.26905186 -5.08349252 -4.02884712
  -4.35038489]
 [-1.94388946 -1.83195677 -1.99039556 -5.08349252 -1.99039556 -3.21680516
  -2.67579237]
 [-1.38003988 -1.78731284 -3.21680516 -4.02884712 -3.21680516 -5.81265417
  -3.28677813]
 [-4.01036345 -5.77791223 -2.67579237 -4.35038489 -2.67579237 -3.28677813
  -3.52866027]]

Minimum CVaR Energy: -5.77791
